170.4 56.3 23.9 244
169.8 52.5 25.6 225
166.2 53.4 23.7 246
164.8 56 26.6 239
169.3 57.1 24.8 234
162.2 47 25 257
159.2 46.8 22.3 250
162.6 49.2 21.8 260
161.5 51.2 22.1 251
158.3 46.1 22.7 262
167.3 50.3 24 251
165.5 54.3 26.7 254
165.3 52.9 24.2 250
170.3 52.6 23.9 247
167.6 53.7 24.4 248
170 59 24 256
168.7 57 24.4 263
167.4 60.8 24.8 266
171.5 55.5 24.7 265
165.7 59.1 22.7 262
167.8 59.1 28.9 252
168 61.6 28.6 249
171 58.8 29.5 253
167.6 55.3 28.7 250
168.8 61.4 29.6 260
165.9 52.5 26.9 248
160.1 50.6 27.2 245
160.6 52.5 26.6 248
163.3 51.8 26.1 248
165.1 50.2 25.3 252
173.6 71.9 25.4 258
172.4 66.3 24.1 264
170.1 69.6 26.9 257
178.9 68.8 24 255
170.5 70.5 24.6 256
160.4 43.3 25.3 238
160.7 42.7 27.9 254
165.7 45.3 24.4 249
165.6 42.9 24.3 243
165.7 46.1 24.2 243
159.8 54.5 23 261
160.5 53.3 22.4 261
159.5 54.8 24.2 273
162.6 51.8 22.9 264
159.9 53.5 22.7 263
172.1 48 23.1 227
171.3 46.8 24.8 222
173.3 46.6 24.1 221
166.5 47.7 25.1 233
170.2 47.2 24.4 218
187.3 81.2 25.1 259
183.6 79.4 25.9 256
180.6 85.2 21.6 251
179.1 80.6 24.5 252
181.2 82 24.2 253
177.4 60.8 24.2 240
177.5 63.1 25.8 252
176.5 57.9 27.4 245
171.7 58 25.1 260
174.2 59.5 24.4 252
166.8 68.3 24.7 250
167.8 64.6 24.1 248
168.7 63.6 26.7 264
166.4 64.1 25.4 256
171.3 65.4 25.7 250
173.5 59.1 24.7 253
172.1 61.6 24.3 259
174.3 60.1 25.8 247
170.8 59.7 25.2 254
172.6 64.4 26.7 249
172.6 75.6 25.8 252
172.9 70 25.8 251
169.7 66.9 27.6 248
176.6 68.3 25 257
173.9 68.5 25.5 255
175.6 75.8 24.5 263
175.5 71.8 24.3 259
176.1 74.7 25.1 266
181.8 77.4 25.6 257
176.4 75.6 26.6 256
169.3 60.7 26.2 253
172.5 57 26.5 248
170.9 60.3 24.5 255
171.4 57.9 26 254
173 63 25.1 251
173.3 72.1 26.5 241
173.7 74.4 26.9 243
175.1 70.9 26 247
170.3 71.5 26.8 240
174.1 70.7 23.6 239
172.4 72.2 27.8 256
172.5 70.3 24.9 246
174.6 71.5 25.3 250
171 71.2 26.6 250
173.1 68 23.3 248
174.9 53.4 24.9 244
175.2 51.4 24.7 236
178 52.6 27.2 244
176.3 52.9 26.1 240
177.7 53.7 26.3 242
176.2 67.5 27.3 250
173.6 63.9 27.6 257
176 66.5 27.6 245
172.5 62.2 26 248
175 67 26.2 256
168.3 58.8 25.5 256
169.4 64.2 26.4 250
173.7 61.4 25.2 256
170 59.7 23.5 261
166.5 64.2 26.6 253
176.4 67.9 26.4 249
176 72 26.8 252
178.2 71.2 27.5 252
178.3 71.8 25.8 253
183.1 73.8 27.1 245
172.7 56.4 25.6 247
173.7 58.9 26.1 240
169.9 56.4 26.4 247
173.2 56.6 27.3 239
172.1 56.2 25.7 248
173.7 61.5 25.4 252
172.9 64.4 26.6 256
170.1 60.3 27.1 250
170.4 66 26.5 253
169.9 63.7 25.1 248
174.3 64.4 26.7 243
175.3 70.4 25.3 245
175 67.8 25.2 245
172.5 72 25.5 248
174.6 69.9 26.5 256
178.5 67.1 25.8 240
177.4 66.7 27.6 250
181.6 64.4 26.7 245
181 63.2 26.6 244
180 63.1 25.3 249
172.4 53.6 26 243
170.8 51.8 24.8 250
173.2 50.6 26.7 256
173.8 50.1 26.1 249
174.3 50.8 25 247
175.2 70.4 27 259
175.6 72.7 24.2 266
177.9 72 27.1 257
176.3 70.8 26.8 280
176.8 72.5 23.9 267
169.4 74.4 25.2 242
173.5 72.8 26.8 244
172.4 71.3 27.2 244
175 68.3 25.9 246
171.3 68.4 24.8 249
176.5 58.6 24.5 252
173.5 56.8 25.1 257
175.6 58.7 25.5 250
172.8 54.5 26.6 256
173 53.9 26.2 261
170.3 65.2 27.2 247
171.1 69.5 27.4 265
171.7 66.7 24.9 250
172 66.3 27 255
168.8 65 26.4 256
176.5 59.1 26.4 248
178.6 62.3 26.8 253
181.3 58.9 27.8 247
178.1 59.2 25.7 265
179 60.8 25.7 244
177.6 88 26.8 259
177.5 81.9 26.4 261
181.8 83.3 24.8 255
180.6 88.8 26.4 248
178.5 87.3 26.6 247
174 69.6 25.5 247
171.7 64.5 27.5 254
174 64.5 27.3 244
171.4 67.8 25.3 248
170.7 69.3 24.5 242
178.9 72.4 26.1 262
180.6 77.7 25.9 249
181.6 76 25.8 255
180.2 77.5 26.7 256
179.7 77.7 26 256
180 80.3 27 250
179.9 78.6 28.9 242
183 76.3 27.7 241
182.3 77.8 26.2 235
176.1 81.7 26.9 236
177.2 64.6 27.9 247
178.3 64.3 27.3 241
180.4 65.9 27.6 225
180.2 61.1 26.1 249
180.5 61.8 25.7 244
170 59.9 26.8 237
174.8 56.6 25.9 233
172.7 56.4 28.2 247
173.3 59.3 24.5 251
172.4 59.3 27.9 247
177 75.2 25.2 244
177.1 74.4 26.6 249
179.5 77.7 26.3 246
176.6 71.7 28.8 241
179.9 75.4 25 256
175.7 67.5 25.3 254
173.4 69.4 25.2 259
176.2 71.8 25.3 253
172.9 67.5 27.7 255
171 69.9 27.4 251
171.1 76.2 26.4 249
173.1 76.1 26.2 255
172.6 77.6 26.6 247
168.9 74.4 26 251
169.4 74.3 27.8 260
175.1 69.7 26.2 247
178.3 69.2 26.8 255
177.3 69.3 25.2 246
177.2 68.3 27.4 247
177.9 69.1 24.9 250
177.2 71.9 25.8 255
180.1 70 27.6 253
178.4 70.3 26.1 254
177.2 69.9 27.2 245
174.1 73.8 25.3 253
178.9 79.1 25.1 246
178.6 77.5 26.7 250
175.6 80.8 25.3 255
174.5 80.9 25.9 252
178.4 79.4 26.7 261
178.1 84.8 27.3 256
176.4 86.4 27.9 247
178.3 86.3 25 251
178 88.6 27.3 261
177.4 86.1 27.6 251
176.6 64 27.1 246
179.9 61.4 25.4 253
177.5 63.5 26.9 249
176.7 63.4 26.2 251
176.6 65.5 27.5 242
184.3 90.5 27.3 259
188 84.1 27.8 263
189.7 86.6 26.2 258
184.3 88.2 25.6 261
187.7 89.3 26.9 254
178.5 55.3 25.9 252
183.3 53.6 25.5 250
183.4 55.4 26.2 250
180 53.7 26.1 247
179.5 53.9 27 254
178.6 77.5 27.7 284
182.2 79.7 26 284
183 76.2 26.1 296
182.9 76.9 26.1 288
181.6 75.8 27.7 279
166.1 69.2 31.1 250
170 71 29.9 254
171.4 70.8 28.9 245
169.4 70.1 29.2 248
167.6 72.5 30.4 246
175.1 59.4 31 241
174.8 58.7 31.6 245
172 57 31.4 241
174.5 57.4 30 252
175.8 57.1 30 241
176.8 50 30 238
177.1 52.7 30.7 234
178.2 51.2 30.5 240
179.6 52.9 30.8 233
179.8 51.4 32.2 230
175 89.5 33.4 247
174.3 88.1 31.8 254
171.7 86.7 31.4 250
172.2 86.6 31 249
168.9 87 31.4 250
188 77.4 31.8 261
194.5 77.6 32 269
188.3 74 31.8 271
191.9 76.2 31.5 264
185.5 77.5 32.9 262
176.8 93.9 32.8 250
172.7 95.2 32.1 249
175.3 91.8 33.9 258
181.1 92 34.4 257
177.6 91.6 33.1 257
184.5 87.9 33.9 245
186.3 85.8 34.9 241
191 83.3 32.1 243
185.5 82.8 33.7 241
185 82.6 30.5 243
170.4 63.9 24.4 249
172.7 62.2 25.7 255
171.6 62.7 24.9 243
173.9 63.7 25.3 244
172.4 66.3 24.1 257
185.1 85.5 25.5 264
185.4 92.9 27.5 259
186.3 86.7 26.3 251
187.9 92.4 25.3 267
186.3 90.1 26.4 267
186.2 91.5 30.2 254
181.7 91.3 26.6 255
187.1 91.4 27.4 245
184.8 88.8 28 250
186 91.2 28.4 247
